ScaleModel V1.1 {
Nruns    1
RunNumber    1
Run V1 {
 Batch_number_list  450
    1    2    3    4    5    6    7    8    9   10   11   12   13   14   15   16   17   18   19   20   21
   22   23   24   25   26   27   28   29   30   31   32   33   34   35   36   37   38   39   40   41   42
   43   44   45   46   47   48   49   50   51   52   53   54   55   56   57   58   59   60   61   62   63
   64   65   66   67   68   69   70   71   72   73   74   75   76   77   78   79   80   81   82   83   84
   85   86   87   88   89   90   91   92   93   94   95   96   97   98   99  100  101  102  103  104  105
  106  107  108  109  110  111  112  113  114  115  116  117  118  119  120  121  122  123  124  125  126
  127  128  129  130  131  132  133  134  135  136  137  138  139  140  141  142  143  144  145  146  147
  148  149  150  151  152  153  154  155  156  157  158  159  160  161  162  163  164  165  166  167  168
  169  170  171  172  173  174  175  176  177  178  179  180  181  182  183  184  185  186  187  188  189
  190  191  192  193  194  195  196  197  198  199  200  201  202  203  204  205  206  207  208  209  210
  211  212  213  214  215  216  217  218  219  220  221  222  223  224  225  226  227  228  229  230  231
  232  233  234  235  236  237  238  239  240  241  242  243  244  245  246  247  248  249  250  251  252
  253  254  255  256  257  258  259  260  261  262  263  264  265  266  267  268  269  270  271  272  273
  274  275  276  277  278  279  280  281  282  283  284  285  286  287  288  289  290  291  292  293  294
  295  296  297  298  299  300  301  302  303  304  305  306  307  308  309  310  311  312  313  314  315
  316  317  318  319  320  321  322  323  324  325  326  327  328  329  330  331  332  333  334  335  336
  337  338  339  340  341  342  343  344  345  346  347  348  349  350  351  352  353  354  355  356  357
  358  359  360  361  362  363  364  365  366  367  368  369  370  371  372  373  374  375  376  377  378
  379  380  381  382  383  384  385  386  387  388  389  390  391  392  393  394  395  396  397  398  399
  400  401  402  403  404  405  406  407  408  409  410  411  412  413  414  415  416  417  418  419  420
  421  422  423  424  425  426  427  428  429  430  431  432  433  434  435  436  437  438  439  440  441
  442  443  444  445  446  447  448  449  450
}
PrimaryScale V2 {
NscaleIntervals 9
Nscales 11
NobsPar
 3617 7489 11348 11343 11073 11203 11638 11884 11803 7756 3908
Smooth
Scalespacing 5
Phi0 263
Scales
SmoothedValue V1 {
Nvalues 11
Xmin    263
Xmax    308
X0    263
Spacing      5
Nsample 9
Values
 0.902636      1 0.991184 1.00985 1.0096 1.01714 0.997233 0.99021 1.04654 0.992883 1.10407
Positions
   -0.5    0.5    1.5    2.5    3.5    4.5    5.5    6.5    7.5    8.5    9.5
Naverage 3
Sigma    0.7
}
}
Nbfactors    1
RelativeBfactor V2 {
NbfacIntervals 2
Nbfac 3
NobsPar
 34354 34354 34354
Smooth
Bfacspacing   22.5
Time0    263
Bfactors
SmoothedValue V1 {
Nvalues 3
Xmin    263
Xmax    308
X0    263
Spacing   22.5
Nsample 2
Values
 0.316573 -0.316573 -0.920368
Positions
      0      1      2
Naverage 3
Sigma    0.7
}
}
Nsecscales    1
SecondaryScale V1 {
Lmax 4
LmaxOdd 3
Pole -1
Ncoeffs 24
NobsPar
 34354 34354 34354 34354 34354 34354 34354 34354 34354 34354 34354 34354 34354 34354 34354 34354 34354
 34354 34354 34354 34354 34354 34354 34354
SphCoefficients
 -0.00229973 -0.000687412 0.00246342 -0.00343496 -0.0021339 0.000354263 0.00306158 0.0192804 -0.00221849
 -0.00691906 -0.00294006 0.00058534 0.0108055 0.0270963 -0.0023278 0.00503664 -0.00595161 -0.000564022
 -0.00228661 -0.021269 0.0195337 0.000458184 -0.000797097  -0.05
}
Sec_scale_index_run
    0
Ndetscales    0
sd_rotation     -1
sd_bfactor     -1
sd_zerob     -1
sd_surface  0.001
tie_tile_number    7
tie_tile   0.01
tie_tile   0.01
tie_tile  0.001
tie_tile   0.01
tie_tile  0.002
tie_tile    0.7
tie_tile    0.4
Scalenormrun    0
Scalenormbatch    1
Bfacnormrun   -1
Bfacnormbatch   -1
Variances{
Nparameters  38
nfreedom 34316
wD2 17164.9
ParameterVariance
 7.85172e-005 7.91618e-006 4.44926e-006 3.51481e-006 3.51517e-006 3.76338e-006 3.35865e-006 3.14572e-006
 4.54784e-006 7.26767e-006 6.70191e-005 0.000415507 0.00102926 0.000402353 4.65167e-007 4.93307e-007 4.58681e-007
 4.45497e-007 4.11632e-007 4.72878e-007 4.32899e-007 4.68758e-007 3.71047e-007 3.6405e-007 4.09919e-007
 3.99457e-007 4.67324e-007 4.41197e-007 3.65604e-007 2.63712e-007 2.61107e-007 2.98691e-007 2.95263e-007
 4.12286e-007 4.13256e-007 4.3815e-007 3.56142e-007 3.39742e-007

VarianceCovariance {
{ 7.85172e-005 -1.12485e-005 6.79602e-006 -4.80179e-007 7.99104e-007 -7.24708e-007 -2.74781e-007 -5.05549e-007
 -1.17359e-008 2.50838e-007 3.303e-007 -3.15558e-005 3.50234e-005 1.20212e-005 3.8134e-008 1.86578e-009
 -6.94053e-009 -8.20554e-009 7.38267e-008 -3.52552e-009 -5.96572e-009 7.63855e-009 -7.95645e-008 -1.71032e-008
 -4.86248e-009 -2.86313e-009 -6.18856e-008 1.40391e-008 7.13284e-009 2.96635e-008 -3.34335e-008 -7.11937e-009
 -2.53573e-008 -1.82547e-008 -1.21391e-007 -5.96093e-009 -5.5852e-010 -2.92823e-008
}
{ -1.12485e-005 7.91618e-006 -9.36807e-007 1.05128e-006 -9.12319e-007 -1.08679e-006 -1.33567e-006 -1.19213e-006
 -1.04634e-006 -1.00361e-006 -1.66027e-007 -3.08826e-005 3.17481e-005 1.3194e-005 4.25688e-009 -1.41141e-009
 -6.72408e-010 1.07566e-008 2.0899e-008 2.97408e-011 -1.21812e-009 -2.67768e-009 -4.42539e-008 2.29781e-008
 3.55559e-009 -7.89044e-010 -2.16794e-008 2.28259e-009 -2.18343e-009 -1.98482e-008 -5.73983e-008 2.73249e-009
 6.53641e-009 -1.43792e-008 -4.78871e-008 -4.68711e-011 -3.69023e-009 -3.71032e-009
}
{ 6.79602e-006 -9.36807e-007 4.44926e-006 -8.8571e-007 4.03663e-007 -5.95683e-007 -5.54014e-007 -6.91239e-007
 -6.96879e-007 -8.72918e-007 -1.48955e-007 -2.02526e-005 1.38071e-005 1.26175e-005 -1.0051e-008 1.7702e-009
 4.87754e-009 4.04941e-009 -2.61738e-009 -4.00163e-009 5.40415e-009 -3.43678e-009 -1.76167e-008 2.4028e-008
 -1.27449e-009 -8.78011e-009 -8.37152e-009 -1.1552e-009 -7.61247e-009 -4.27978e-008 -2.53917e-008 1.20916e-008
 6.74731e-009 -1.09532e-008 -2.60504e-008 3.53916e-009 -4.90563e-009 3.23022e-009
}
{ -4.80179e-007 1.05128e-006 -8.8571e-007 3.51481e-006 -1.10759e-006 4.23602e-007 -3.16401e-007 -4.05851e-007
 -7.7883e-007 -1.16391e-006 -6.66291e-007 -9.79433e-006 -5.13299e-006 1.27791e-005 -1.15271e-008 5.5311e-009
 2.00303e-010 -2.71496e-009 -6.5737e-009 -6.75169e-010 -2.26317e-011 -7.02037e-009 -6.04547e-009 2.41882e-008
 1.52357e-009 -1.20842e-009 1.9403e-010 -8.86433e-009 -1.1012e-009 -6.21215e-008 4.33697e-009 9.15658e-010
 4.21946e-009 -6.09671e-010 -7.4686e-009 -3.14413e-010 -6.48048e-010 1.33476e-008
}
{ 7.99104e-007 -9.12319e-007 4.03663e-007 -1.10759e-006 3.51517e-006 -6.95589e-007 6.96285e-007 -2.68121e-007
 -5.44848e-007 -1.24701e-006 -6.24239e-007 1.53507e-006 -2.16746e-005 1.07061e-005 -4.35991e-009 2.45942e-009
 1.48349e-011 -2.26313e-009 -7.29827e-010 -6.6686e-010 3.0745e-010 2.70919e-009 1.03417e-009 1.56447e-008
 -1.48009e-009 -1.79696e-009 1.54202e-009 4.54835e-009 -1.32106e-010 -3.85975e-008 2.6488e-008 2.89055e-009
 -4.07554e-009 -1.31341e-008 3.53074e-009 1.1277e-009 -3.45954e-010 -6.95835e-009
}
{ -7.24708e-007 -1.08679e-006 -5.95683e-007 4.23602e-007 -6.95589e-007 3.76338e-006 -6.36436e-007 4.98556e-007
 -6.86363e-007 -1.04954e-006 -7.96744e-007 8.55548e-006 -2.99199e-005 8.28804e-006 -2.93359e-009 2.51076e-009
 -1.04406e-009 -4.97417e-009 -1.90074e-009 1.13913e-009 -6.33964e-010 3.63228e-009 6.93948e-009 6.17263e-009
 -1.98996e-009 3.97519e-009 -1.85119e-009 5.67143e-009 2.6397e-009 -2.55838e-008 3.13896e-008 -9.10017e-009
 -4.48007e-009 -1.40484e-008 -5.30031e-009 2.34826e-010 1.87927e-009 -8.66502e-009
}
{ -2.74781e-007 -1.33567e-006 -5.54014e-007 -3.16401e-007 6.96285e-007 -6.36436e-007 3.35865e-006 -1.01063e-006
 3.73819e-007 -9.2457e-007 5.66647e-007 1.14984e-005 -2.3321e-005 1.58946e-006 8.04023e-009 -2.20155e-009
 5.17274e-010 1.75619e-009 9.42778e-009 1.59849e-009 8.47035e-010 7.45619e-009 1.52015e-009 -1.8306e-010
 -3.53133e-009 2.72066e-009 -2.97634e-009 1.11138e-008 2.73559e-009 3.94051e-009 2.02381e-008 -2.73451e-009
 -9.61418e-009 -1.40938e-008 -3.22368e-011 4.61504e-010 4.62881e-009 -1.58851e-008
}
{ -5.05549e-007 -1.19213e-006 -6.91239e-007 -4.05851e-007 -2.68121e-007 4.98556e-007 -1.01063e-006 3.14572e-006
 -9.96248e-007 8.7429e-007 -8.39214e-007 1.18563e-005 -7.67592e-006 -7.61668e-006 9.03146e-009 -5.08867e-009
 -1.64596e-009 4.70508e-009 3.42793e-009 1.85461e-009 -2.60535e-009 7.13666e-009 1.11421e-008 -1.05539e-008
 3.74348e-009 2.26659e-009 4.08874e-009 9.29052e-009 1.46004e-009 2.81501e-008 1.12e-008 6.68193e-010
 3.05718e-009 -2.44806e-009 1.68472e-008 -1.72348e-009 4.82431e-010 -1.43894e-008
}
{ -1.17359e-008 -1.04634e-006 -6.96879e-007 -7.7883e-007 -5.44848e-007 -6.86363e-007 3.73819e-007 -9.96248e-007
 4.54784e-006 -8.86911e-007 6.88453e-006 1.28293e-005 1.36349e-005 -2.06464e-005 9.71371e-009 -5.0906e-009
 -5.63131e-011 6.22879e-009 -4.87336e-009 1.22916e-009 -5.40612e-010 -5.01518e-009 2.53362e-008 -2.56891e-008
 1.49509e-009 1.321e-009 6.63316e-009 -8.64378e-009 7.65288e-010 7.14115e-008 2.45924e-009 2.17602e-009
 1.3266e-009 2.30637e-008 2.43527e-008 -2.65758e-009 1.81197e-009 1.84527e-008
}
{ 2.50838e-007 -1.00361e-006 -8.72918e-007 -1.16391e-006 -1.24701e-006 -1.04954e-006 -9.2457e-007 8.7429e-007
 -8.86911e-007 7.26767e-006 -1.05595e-005 1.12442e-005 2.86409e-005 -2.75319e-005 -3.63329e-009 5.72124e-010
 -1.50838e-009 -1.21881e-008 -1.92946e-008 -7.55752e-010 -1.09934e-009 -5.04007e-009 2.34308e-008 -4.71465e-008
 -1.39039e-009 8.86165e-010 2.03869e-008 -1.50096e-008 3.06577e-009 7.61681e-008 -1.56673e-008 -6.13277e-009
 -2.25269e-009 4.1664e-008 3.87271e-008 4.572e-010 1.79821e-009 1.87016e-008
}
{ 3.303e-007 -1.66027e-007 -1.48955e-007 -6.66291e-007 -6.24239e-007 -7.96744e-007 5.66647e-007 -8.39214e-007
 6.88453e-006 -1.05595e-005 6.70191e-005 1.13221e-005 3.81102e-005 -3.29641e-005 -2.04993e-008 1.31552e-008
 -2.30875e-009 -4.73253e-008 -2.12164e-008 1.80975e-009 -8.27358e-010 2.68548e-009 -8.13906e-009 -6.47971e-008
 1.59065e-009 1.05668e-008 4.8423e-008 -2.02641e-008 -7.07756e-009 4.17028e-008 -3.41583e-008 -2.47285e-008
 1.66314e-008 7.67394e-008 7.13486e-008 -7.52203e-009 -1.84589e-008 2.92453e-009
}
{ -3.15558e-005 -3.08826e-005 -2.02526e-005 -9.79433e-006 1.53507e-006 8.55548e-006 1.14984e-005 1.18563e-005
 1.28293e-005 1.12442e-005 1.13221e-005 0.000415507 -0.000306236 -0.00024588 9.4747e-007 -1.82589e-007
 -4.0837e-008 3.38795e-007 1.09518e-006 4.62535e-008 -4.12137e-008 9.15026e-008 -1.78146e-007 -1.85883e-007
 -2.18935e-008 1.18598e-007 -1.30142e-007 1.06275e-007 1.08487e-007 1.59106e-006 1.08937e-006 -2.05988e-007
 -1.12926e-007 2.08398e-007 5.14075e-007 -1.85601e-008 1.00894e-007 -5.06267e-008
}
{ 3.50234e-005 3.17481e-005 1.38071e-005 -5.13299e-006 -2.16746e-005 -2.99199e-005 -2.3321e-005 -7.67592e-006
 1.36349e-005 2.86409e-005 3.81102e-005 -0.000306236 0.00102926 -0.000273088 -1.65865e-007 -2.70469e-007
 7.94533e-009 7.44852e-007 -6.29941e-007 -5.52573e-008 2.50997e-010 -1.78301e-007 6.68421e-007 4.42459e-007
 8.51974e-008 -1.2326e-007 1.51785e-007 -1.38243e-007 -9.49224e-008 5.76581e-007 -1.05917e-006 2.21015e-007
 2.55322e-007 2.77636e-007 2.56491e-007 -1.41545e-008 -1.27365e-007 3.61453e-007
}
{ 1.20212e-005 1.3194e-005 1.26175e-005 1.27791e-005 1.07061e-005 8.28804e-006 1.58946e-006 -7.61668e-006
 -2.06464e-005 -2.75319e-005 -3.29641e-005 -0.00024588 -0.000273088 0.000402353 -8.61699e-007 3.37047e-007
 3.66899e-008 -7.62774e-007 -7.48284e-007 -1.54034e-008 4.14199e-008 8.5303e-009 -1.98254e-007 -6.27e-008
 -2.60896e-008 -4.99121e-008 4.5427e-008 -2.90142e-008 -5.57368e-008 -1.93049e-006 -4.99749e-007 8.27729e-008
 -3.04712e-008 -3.67126e-007 -6.6343e-007 2.67194e-008 -2.97378e-008 -1.533e-007
}
{ 3.8134e-008 4.25688e-009 -1.0051e-008 -1.15271e-008 -4.35991e-009 -2.93359e-009 8.04023e-009 9.03146e-009
 9.71371e-009 -3.63329e-009 -2.04993e-008 9.4747e-007 -1.65865e-007 -8.61699e-007 4.65167e-007 7.32114e-009
 2.41093e-010 -2.83071e-008 -5.28564e-008 9.4538e-011 2.42787e-010 3.64597e-009 4.06451e-008 -3.87905e-008
 1.4475e-011 -1.47059e-011 2.76258e-008 -2.5462e-009 -5.16326e-010 2.14957e-008 1.3202e-008 4.28331e-010
 2.27948e-010 1.61925e-008 3.52877e-008 1.18983e-011 -4.69953e-010 -8.39907e-009
}
{ 1.86578e-009 -1.41141e-009 1.7702e-009 5.5311e-009 2.45942e-009 2.51076e-009 -2.20155e-009 -5.08867e-009
 -5.0906e-009 5.72124e-010 1.31552e-008 -1.82589e-007 -2.70469e-007 3.37047e-007 7.32114e-009 4.93307e-007
 6.20771e-010 1.61011e-008 7.62027e-009 2.85452e-011 9.43229e-010 8.3583e-009 1.01388e-009 1.97677e-008
 -1.21308e-009 2.5318e-010 -2.75186e-009 1.50461e-008 -1.03605e-009 -1.19107e-008 1.05599e-008 -7.43056e-010
 -1.21753e-009 -2.06063e-008 1.66234e-009 -6.18778e-011 -1.09337e-009 -1.87814e-008
}
{ -6.94053e-009 -6.72408e-010 4.87754e-009 2.00303e-010 1.48349e-011 -1.04406e-009 5.17274e-010 -1.64596e-009
 -5.63131e-011 -1.50838e-009 -2.30875e-009 -4.0837e-008 7.94533e-009 3.66899e-008 2.41093e-010 6.20771e-010
 4.58681e-007 -3.40212e-010 4.24693e-010 -1.44445e-008 -5.12593e-008 -4.83841e-010 -4.4358e-010 9.47801e-011
 3.60933e-008 -2.22303e-008 3.70004e-011 -2.34986e-010 6.86876e-008 -4.25064e-010 -2.38266e-010 1.10093e-008
 9.71227e-009 -1.97179e-010 2.95316e-010 1.61301e-008 5.68085e-008 1.40021e-010
}
{ -8.20554e-009 1.07566e-008 4.04941e-009 -2.71496e-009 -2.26313e-009 -4.97417e-009 1.75619e-009 4.70508e-009
 6.22879e-009 -1.21881e-008 -4.73253e-008 3.38795e-007 7.44852e-007 -7.62774e-007 -2.83071e-008 1.61011e-008
 -3.40212e-010 4.45497e-007 -3.1524e-008 4.30732e-011 -6.36432e-010 -1.635e-009 -1.32183e-009 -7.99311e-008
 1.12213e-009 -3.1082e-010 2.12348e-008 -1.57799e-008 4.78324e-010 6.40155e-008 -4.379e-008 1.23217e-009
 1.29235e-009 4.11322e-008 1.82715e-008 3.08398e-011 6.03561e-010 3.8803e-009
}
{ 7.38267e-008 2.0899e-008 -2.61738e-009 -6.5737e-009 -7.29827e-010 -1.90074e-009 9.42778e-009 3.42793e-009
 -4.87336e-009 -1.92946e-008 -2.12164e-008 1.09518e-006 -6.29941e-007 -7.48284e-007 -5.28564e-008 7.62027e-009
 4.24693e-010 -3.1524e-008 4.11632e-007 2.09389e-010 4.5794e-010 3.75274e-009 8.77393e-008 -4.79633e-008
 -1.13572e-010 1.94963e-010 4.03192e-008 -2.84321e-009 -7.68975e-010 3.77003e-008 5.97889e-008 2.305e-010
 2.60636e-010 1.7603e-008 5.6485e-008 -3.74211e-011 -6.50608e-010 -8.58804e-009
}
{ -3.52552e-009 2.97408e-011 -4.00163e-009 -6.75169e-010 -6.6686e-010 1.13913e-009 1.59849e-009 1.85461e-009
 1.22916e-009 -7.55752e-010 1.80975e-009 4.62535e-008 -5.52573e-008 -1.54034e-008 9.4538e-011 2.85452e-011
 -1.44445e-008 4.30732e-011 2.09389e-010 4.72878e-007 -1.22944e-008 7.74762e-011 -2.86985e-010 1.96132e-010
 -1.02231e-008 -4.98924e-008 1.93758e-010 6.08969e-011 2.49711e-008 -3.44454e-010 -1.4204e-010 4.79153e-008
 -3.71235e-008 2.97313e-010 3.84509e-010 3.76296e-008 1.35038e-008 -3.17455e-010
}
{ -5.96572e-009 -1.21812e-009 5.40415e-009 -2.26317e-011 3.0745e-010 -6.33964e-010 8.47035e-010 -2.60535e-009
 -5.40612e-010 -1.09934e-009 -8.27358e-010 -4.12137e-008 2.50997e-010 4.14199e-008 2.42787e-010 9.43229e-010
 -5.12593e-008 -6.36432e-010 4.5794e-010 -1.22944e-008 4.32899e-007 -7.27595e-010 -5.21373e-010 -1.06284e-010
 5.93218e-008 -2.07551e-008 -4.00596e-011 -3.78047e-010 8.77183e-008 -3.61068e-010 -3.47387e-010 1.56384e-008
 3.67467e-008 -3.02352e-010 1.73235e-010 1.32888e-008 8.01855e-008 2.76397e-010
}
{ 7.63855e-009 -2.67768e-009 -3.43678e-009 -7.02037e-009 2.70919e-009 3.63228e-009 7.45619e-009 7.13666e-009
 -5.01518e-009 -5.04007e-009 2.68548e-009 9.15026e-008 -1.78301e-007 8.5303e-009 3.64597e-009 8.3583e-009
 -4.83841e-010 -1.635e-009 3.75274e-009 7.74762e-011 -7.27595e-010 4.68758e-007 2.98861e-009 6.12266e-009
 9.19209e-010 -3.32972e-011 -1.35984e-008 -4.13541e-008 7.61687e-010 -7.04751e-009 1.17035e-008 4.92208e-010
 8.4363e-010 3.43542e-008 -2.54884e-008 -6.16449e-011 7.69262e-010 7.02532e-008
}
{ -7.95645e-008 -4.42539e-008 -1.76167e-008 -6.04547e-009 1.03417e-009 6.93948e-009 1.52015e-009 1.11421e-008
 2.53362e-008 2.34308e-008 -8.13906e-009 -1.78146e-007 6.68421e-007 -1.98254e-007 4.06451e-008 1.01388e-009
 -4.4358e-010 -1.32183e-009 8.77393e-008 -2.86985e-010 -5.21373e-010 2.98861e-009 3.71047e-007 8.66768e-009
 3.47253e-010 -5.57491e-010 -2.61343e-008 2.34117e-009 5.41969e-010 -3.22284e-008 -1.46968e-007 6.21249e-010
 -1.4831e-011 1.15473e-009 -4.65666e-008 1.07983e-010 3.62741e-010 -6.74402e-009
}
{ -1.71032e-008 2.29781e-008 2.4028e-008 2.41882e-008 1.56447e-008 6.17263e-009 -1.8306e-010 -1.05539e-008
 -2.56891e-008 -4.71465e-008 -6.47971e-008 -1.85883e-007 4.42459e-007 -6.27e-008 -3.87905e-008 1.97677e-008
 9.47801e-011 -7.99311e-008 -4.79633e-008 1.96132e-010 -1.06284e-010 6.12266e-009 8.66768e-009 3.6405e-007
 7.35513e-010 -2.17285e-011 3.01365e-008 -1.03271e-008 -1.1322e-010 1.47331e-007 -5.53171e-008 9.39373e-010
 1.18272e-009 4.82614e-008 3.13207e-008 -1.61399e-010 2.33737e-010 -1.2636e-008
}
{ -4.86248e-009 3.55559e-009 -1.27449e-009 1.52357e-009 -1.48009e-009 -1.98996e-009 -3.53133e-009 3.74348e-009
 1.49509e-009 -1.39039e-009 1.59065e-009 -2.18935e-008 8.51974e-008 -2.60896e-008 1.4475e-011 -1.21308e-009
 3.60933e-008 1.12213e-009 -1.13572e-010 -1.02231e-008 5.93218e-008 9.19209e-010 3.47253e-010 7.35513e-010
 4.09919e-007 -1.02144e-008 7.3129e-011 5.96252e-010 -6.22054e-008 -1.72763e-010 5.26233e-010 -1.32603e-008
 -1.13463e-007 1.93566e-010 -1.03398e-011 1.77099e-008 -7.45399e-008 -5.92912e-010
}
{ -2.86313e-009 -7.89044e-010 -8.78011e-009 -1.20842e-009 -1.79696e-009 3.97519e-009 2.72066e-009 2.26659e-009
 1.321e-009 8.86165e-010 1.05668e-008 1.18598e-007 -1.2326e-007 -4.99121e-008 -1.47059e-011 2.5318e-010
 -2.22303e-008 -3.1082e-010 1.94963e-010 -4.98924e-008 -2.07551e-008 -3.32972e-011 -5.57491e-010 -2.17285e-011
 -1.02144e-008 3.99457e-007 3.86687e-010 -1.46958e-010 3.89907e-008 -6.342e-010 -5.18044e-010 1.2076e-007
 -5.35965e-008 7.44804e-010 7.07146e-010 7.01131e-008 2.4188e-008 -1.52279e-010
}
{ -6.18856e-008 -2.16794e-008 -8.37152e-009 1.9403e-010 1.54202e-009 -1.85119e-009 -2.97634e-009 4.08874e-009
 6.63316e-009 2.03869e-008 4.8423e-008 -1.30142e-007 1.51785e-007 4.5427e-008 2.76258e-008 -2.75186e-009
 3.70004e-011 2.12348e-008 4.03192e-008 1.93758e-010 -4.00596e-011 -1.35984e-008 -2.61343e-008 3.01365e-008
 7.3129e-011 3.86687e-010 4.67324e-007 -1.01352e-008 3.93414e-010 -1.24315e-008 -1.95788e-011 -5.39413e-010
 -7.94418e-011 -9.8221e-009 -5.00143e-008 -2.11999e-010 7.33394e-010 3.09274e-008
}
{ 1.40391e-008 2.28259e-009 -1.1552e-009 -8.86433e-009 4.54835e-009 5.67143e-009 1.11138e-008 9.29052e-009
 -8.64378e-009 -1.50096e-008 -2.02641e-008 1.06275e-007 -1.38243e-007 -2.90142e-008 -2.5462e-009 1.50461e-008
 -2.34986e-010 -1.57799e-008 -2.84321e-009 6.08969e-011 -3.78047e-010 -4.13541e-008 2.34117e-009 -1.03271e-008
 5.96252e-010 -1.46958e-010 -1.01352e-008 4.41197e-007 1.89111e-010 1.60515e-009 3.08662e-009 8.41392e-010
 6.17025e-010 5.99466e-008 -2.55171e-008 1.54986e-012 1.15826e-010 9.28608e-008
}
{ 7.13284e-009 -2.18343e-009 -7.61247e-009 -1.1012e-009 -1.32106e-010 2.6397e-009 2.73559e-009 1.46004e-009
 7.65288e-010 3.06577e-009 -7.07756e-009 1.08487e-007 -9.49224e-008 -5.57368e-008 -5.16326e-010 -1.03605e-009
 6.86876e-008 4.78324e-010 -7.68975e-010 2.49711e-008 8.77183e-008 7.61687e-010 5.41969e-010 -1.1322e-010
 -6.22054e-008 3.89907e-008 3.93414e-010 1.89111e-010 3.65604e-007 2.75777e-010 3.08363e-011 -1.81994e-008
 -1.4824e-008 6.70348e-010 5.18464e-010 -3.69779e-008 -1.28854e-007 2.24247e-010
}
{ 2.96635e-008 -1.98482e-008 -4.27978e-008 -6.21215e-008 -3.85975e-008 -2.55838e-008 3.94051e-009 2.81501e-008
 7.14115e-008 7.61681e-008 4.17028e-008 1.59106e-006 5.76581e-007 -1.93049e-006 2.14957e-008 -1.19107e-008
 -4.25064e-010 6.40155e-008 3.77003e-008 -3.44454e-010 -3.61068e-010 -7.04751e-009 -3.22284e-008 1.47331e-007
 -1.72763e-010 -6.342e-010 -1.24315e-008 1.60515e-009 2.75777e-010 2.63712e-007 9.81178e-009 5.78031e-010
 -9.1554e-010 -2.86079e-008 -1.78349e-008 4.97032e-010 -3.6377e-010 1.30119e-008
}
{ -3.34335e-008 -5.73983e-008 -2.53917e-008 4.33697e-009 2.6488e-008 3.13896e-008 2.02381e-008 1.12e-008
 2.45924e-009 -1.56673e-008 -3.41583e-008 1.08937e-006 -1.05917e-006 -4.99749e-007 1.3202e-008 1.05599e-008
 -2.38266e-010 -4.379e-008 5.97889e-008 -1.4204e-010 -3.47387e-010 1.17035e-008 -1.46968e-007 -5.53171e-008
 5.26233e-010 -5.18044e-010 -1.95788e-011 3.08662e-009 3.08363e-011 9.81178e-009 2.61107e-007 1.11653e-009
 4.13894e-010 2.23364e-008 -1.71072e-008 -5.37078e-011 -5.11931e-012 -2.57746e-008
}
{ -7.11937e-009 2.73249e-009 1.20916e-008 9.15658e-010 2.89055e-009 -9.10017e-009 -2.73451e-009 6.68193e-010
 2.17602e-009 -6.13277e-009 -2.47285e-008 -2.05988e-007 2.21015e-007 8.27729e-008 4.28331e-010 -7.43056e-010
 1.10093e-008 1.23217e-009 2.305e-010 4.79153e-008 1.56384e-008 4.92208e-010 6.21249e-010 9.39373e-010
 -1.32603e-008 1.2076e-007 -5.39413e-010 8.41392e-010 -1.81994e-008 5.78031e-010 1.11653e-009 2.98691e-007
 8.92824e-009 -1.422e-009 -9.02283e-010 -6.78605e-008 -1.85253e-008 -9.42442e-010
}
{ -2.53573e-008 6.53641e-009 6.74731e-009 4.21946e-009 -4.07554e-009 -4.48007e-009 -9.61418e-009 3.05718e-009
 1.3266e-009 -2.25269e-009 1.66314e-008 -1.12926e-007 2.55322e-007 -3.04712e-008 2.27948e-010 -1.21753e-009
 9.71227e-009 1.29235e-009 2.60636e-010 -3.71235e-008 3.67467e-008 8.4363e-010 -1.4831e-011 1.18272e-009
 -1.13463e-007 -5.35965e-008 -7.94418e-011 6.17025e-010 -1.4824e-008 -9.1554e-010 4.13894e-010 8.92824e-009
 2.95263e-007 -2.11172e-010 -1.57914e-010 5.54007e-008 -4.77705e-008 -4.62953e-010
}
{ -1.82547e-008 -1.43792e-008 -1.09532e-008 -6.09671e-010 -1.31341e-008 -1.40484e-008 -1.40938e-008 -2.44806e-009
 2.30637e-008 4.1664e-008 7.67394e-008 2.08398e-007 2.77636e-007 -3.67126e-007 1.61925e-008 -2.06063e-008
 -1.97179e-010 4.11322e-008 1.7603e-008 2.97313e-010 -3.02352e-010 3.43542e-008 1.15473e-009 4.82614e-008
 1.93566e-010 7.44804e-010 -9.8221e-009 5.99466e-008 6.70348e-010 -2.86079e-008 2.23364e-008 -1.422e-009
 -2.11172e-010 4.12286e-007 2.76692e-010 -4.13715e-010 8.65594e-010 -7.75335e-008
}
{ -1.21391e-007 -4.78871e-008 -2.60504e-008 -7.4686e-009 3.53074e-009 -5.30031e-009 -3.22368e-011 1.68472e-008
 2.43527e-008 3.87271e-008 7.13486e-008 5.14075e-007 2.56491e-007 -6.6343e-007 3.52877e-008 1.66234e-009
 2.95316e-010 1.82715e-008 5.6485e-008 3.84509e-010 1.73235e-010 -2.54884e-008 -4.65666e-008 3.13207e-008
 -1.03398e-011 7.07146e-010 -5.00143e-008 -2.55171e-008 5.18464e-010 -1.78349e-008 -1.71072e-008 -9.02283e-010
 -1.57914e-010 2.76692e-010 4.13256e-007 -2.43325e-010 1.30562e-009 5.80084e-008
}
{ -5.96093e-009 -4.68711e-011 3.53916e-009 -3.14413e-010 1.1277e-009 2.34826e-010 4.61504e-010 -1.72348e-009
 -2.65758e-009 4.572e-010 -7.52203e-009 -1.85601e-008 -1.41545e-008 2.67194e-008 1.18983e-011 -6.18778e-011
 1.61301e-008 3.08398e-011 -3.74211e-011 3.76296e-008 1.32888e-008 -6.16449e-011 1.07983e-010 -1.61399e-010
 1.77099e-008 7.01131e-008 -2.11999e-010 1.54986e-012 -3.69779e-008 4.97032e-010 -5.37078e-011 -6.78605e-008
 5.54007e-008 -4.13715e-010 -2.43325e-010 4.3815e-007 -2.61958e-008 2.46562e-010
}
{ -5.5852e-010 -3.69023e-009 -4.90563e-009 -6.48048e-010 -3.45954e-010 1.87927e-009 4.62881e-009 4.82431e-010
 1.81197e-009 1.79821e-009 -1.84589e-008 1.00894e-007 -1.27365e-007 -2.97378e-008 -4.69953e-010 -1.09337e-009
 5.68085e-008 6.03561e-010 -6.50608e-010 1.35038e-008 8.01855e-008 7.69262e-010 3.62741e-010 2.33737e-010
 -7.45399e-008 2.4188e-008 7.33394e-010 1.15826e-010 -1.28854e-007 -3.6377e-010 -5.11931e-012 -1.85253e-008
 -4.77705e-008 8.65594e-010 1.30562e-009 -2.61958e-008 3.56142e-007 4.14546e-010
}
{ -2.92823e-008 -3.71032e-009 3.23022e-009 1.33476e-008 -6.95835e-009 -8.66502e-009 -1.58851e-008 -1.43894e-008
 1.84527e-008 1.87016e-008 2.92453e-009 -5.06267e-008 3.61453e-007 -1.533e-007 -8.39907e-009 -1.87814e-008
 1.40021e-010 3.8803e-009 -8.58804e-009 -3.17455e-010 2.76397e-010 7.02532e-008 -6.74402e-009 -1.2636e-008
 -5.92912e-010 -1.52279e-010 3.09274e-008 9.28608e-008 2.24247e-010 1.30119e-008 -2.57746e-008 -9.42442e-010
 -4.62953e-010 -7.75335e-008 5.80084e-008 2.46562e-010 4.14546e-010 3.39742e-007
}

}
}
}
SDModel V1.1 {
Nruns    1
SDC {
RunNumber    1
SDCfulls    SDcorrection V1 { FREESDB 1.56929 3.55584 0.0118027 }
SDCpartials SDcorrection V1 { FREESDB 1.56929 3.55584 0.0118027 }
Usetype   -1
}
NoSDB    0
Allrunssame    0
Refine    1
Nsets    1
Damp     -1
Tietype   -1
Ntargets    3
Targets       0      0      0
SDtargets       0     10      0
}
